[5.603984146828062, 7.191976562082997, 7.876178485117284, 6.733784025755318, 7.20202876782332, 5.408375667784821, 7.292492029797739, 6.076906410490558, 5.667251359964979, 7.568328865788195, 6.70763347366243, 6.89603023576033, 4.451700348240928, 6.967915543077672, 5.728266739804462, 5.462550834198907, 6.816237523396701, 7.125235854472035, 7.187925011230571, 6.741629286119575, 6.250446444466349][8.632928852440328, 9.05703797584474, 8.029094708118011, 9.480183833056001, 8.211063699838064, 8.22466841579064, 8.29439786907183, 7.766787745840357, 8.625619476543655, 8.530720967238079, 8.622904525597733, 9.117937161642152, 8.028615689921523, 8.78273824469564, 7.123607650497318, 7.769974362918671, 8.174668293308981, 8.25247973851814, 8.286890648382995, 7.217471071613547, 7.62984609112382][21.28239918153007, 186.8507113943924, 8.872105233494654, 6.215477670242555, 140.7007432013841, 36.34898756986601, 64.92192204116542, 2.669466018803963, 33.4638376795728, 17.096016641125516, 17.90761873049157, 50.92835911166838, 4.695290240666109, 38.78458525913926, 34.30130601609551, 30.87878710087329, 119.87607397398052, 29.9441206620159, 137.83165098079408, 3.358916805456164, 268.5172232666078][64.83363032713964, 25.15953955826243, 439.1463234258196, 147.27055765389892, 14.771965212774965, 23.380814400525846, 214.9227874092628, 22.604150614441085, 115.16803664236517, 97.59923689430774, 87.42704650028517, 629.8248235542143, 96.97432001353198, 143.98414617085356, 90.92682527240918, 49.076598433368225, 141.1659167436022, 125.8500493914612, 1845.23936376095, 53.72581610830128, 525.0502722846936][ 0.21327797  0.05353143 -0.0161262   0.2740142   0.31273168  0.03610535
 -0.04320877 -0.28440058  0.00146997 -0.04439941  0.10475446  0.20219742
 -0.04830492 -0.04405634 -0.09008493  0.13938214  0.10184171 -0.08745875
  0.1271311   0.10569932  0.13159621 -0.25457796 -0.1674601  -0.09495041
 -0.23500934  0.14288117  0.10260644  0.2534948  -0.13727763 -0.30289173
  0.12473147  0.02840961  0.05367731  0.27051482  0.03556973  0.17537776
  0.0356086  -0.11186431  0.16982996 -0.04853145 -0.12116922 -0.13319434
  0.14393272  0.10169274  0.19518024  0.33540842  0.05054536  0.09150533
  0.28935912 -0.32150683 -0.05156675 -0.01554423  0.05469608 -0.3633995
 -0.02938051  0.20131594 -0.11677993  0.19661552  0.27838087  0.11384839
  0.37623793 -0.14260869 -0.25527596 -0.06118731 -0.05278096  0.07408065
 -0.37727693 -0.2188075  -0.19274475 -0.31851855 -0.09123344 -0.12069502
 -0.22122832 -0.5568112  -0.03371058  0.01404856 -0.0821899   0.17422192
 -0.25407913 -0.23474716  0.18880077 -0.07968875 -0.40947765  0.13380192
  0.22042088  0.04819815  0.01772943  0.09445528  0.00845678 -0.1559308
  0.1835202  -0.06394976 -0.39402226  0.08461926 -0.16216609  0.00136405
  0.11493955 -0.3309882   0.1968829   0.22820169  0.32145068  0.0883625
  0.10427515  0.18401171 -0.07087243  0.13272533 -0.04032252  0.09848899
 -0.09217083 -0.03597508  0.24902785 -0.30048305 -0.08158618  0.13697565
 -0.3496354  -0.06491844  0.00078244 -0.05805306  0.02992921 -0.10275863
  0.07735466 -0.02801768 -0.15358819  0.22648676 -0.00414609 -0.02842529
  0.09982094  0.2185264  -0.18100488  0.11668374 -0.03458796  0.03117672
  0.43464604 -0.3188712  -0.2966934   0.27221113  0.1937066   0.2227592
  0.16459505 -0.06872821  0.06642452 -0.16520382  0.1572529  -0.51501155
  0.26971632 -0.18998204 -0.4464949   0.06869115 -0.20728461 -0.3406477
  0.05756298 -0.44299945  0.03245145 -0.02150859 -0.00586789  0.11315117
  0.19301805  0.27286336  0.34929857  0.14078097  0.25031078  0.29143372
 -0.2210084   0.3434702  -0.4274969   0.00561455 -0.10766747 -0.10369264
 -0.31176978 -0.26467395 -0.06598319 -0.09653129  0.12386944  0.17069785
 -0.1135533  -0.01641355 -0.03101096  0.40529215 -0.07424865  0.08726031
 -0.3923268   0.03061632  0.10053392  0.02845822  0.14203589  0.18497059
  0.11254311 -0.08981786 -0.09445114  0.07439945 -0.2919316  -0.4037295
  0.2343633  -0.09258177 -0.2043017   0.36382297 -0.10734143 -0.07695162
  0.1406588   0.20419823  0.06363028  0.04945352  0.2064962  -0.10579792
 -0.2290083   0.19354907  0.07204322 -0.09330255 -0.3060447   0.2749255
  0.19749336 -0.21352229  0.4330517   0.02378217  0.29772857 -0.14921214
 -0.3234854  -0.15340222 -0.5473682   0.3551021  -0.1093244  -0.10310666
  0.1207505  -0.25065288  0.04487686 -0.1188997   0.01794329  0.02175505
 -0.12176377  0.23633432  0.23490557 -0.05647074 -0.15994719  0.6200734
 -0.44941667 -0.04864383  0.00325698  0.24532256  0.38391352 -0.09365299
  0.36042255  0.10076851 -0.1903671   0.36752522 -0.09346928 -0.03410269
 -0.14606816  0.17806023  0.01115963  0.12580685  0.06384285  0.05968482
 -0.4776682   0.10063185 -0.33291394 -0.00486127 -0.01668125 -0.03762208
 -0.10448908  0.19690247  0.10037019 -0.27963287 -0.20400181 -0.09465938
  0.12662227  0.15497169  0.3529451   0.28944558 -0.15486324 -0.294993
 -0.40020445  0.04875677 -0.38627464 -0.17983131  0.11797496 -0.07744304
  0.09811749  0.15443426  0.15711586  0.23353188 -0.18420191  0.13540095
 -0.10675053  0.10849283  0.08587233  0.02428755 -0.2159393   0.19876738
  0.50285244 -0.36884013  0.2614044   0.13930838  0.17057763  0.11322421
 -0.03078057  0.02076347 -0.24421439 -0.02264109  0.01955919 -0.01687368
  0.5367484   0.20127602  0.04784852  0.01663797 -0.10279933  0.17568083
  0.27768058 -0.14356253  0.2725399  -0.35057577 -0.22637415 -0.14891206
  0.19131961  0.20202544 -0.15087506  0.4531657  -0.07918061  0.12022851
  0.04685849 -0.02018325 -0.39197436  0.17189173 -0.32169735 -0.04382371
 -0.09168136 -0.2064483   0.4985442  -0.18214746 -0.33381212  0.04287711
 -0.1339222  -0.05719021 -0.14593808  0.31615913  0.00161802  0.01140672
 -0.17362827 -0.31653285 -0.12322251  0.23854417 -0.23349552 -0.09268615
  0.05337384  0.2111718   0.06899263 -0.08350622 -0.31461343 -0.05556801
  0.07914239 -0.38752723 -0.02606101  0.1803475   0.12013379  0.17724828
 -0.08969612  0.11718071 -0.05275204  0.36575484 -0.06201874 -0.1074642
  0.21763942 -0.19653697 -0.18617846  0.22693531  0.30407387  0.23003295
 -0.11235879 -0.12741424 -0.10273594  0.02028997  0.0806853  -0.04332781
  0.2025895   0.13004826 -0.08456109 -0.35252717 -0.06080612  0.12819526
 -0.25845766 -0.04693454 -0.38860664  0.30677032 -0.4377208   0.225461  ]